0 0.676301 0.957660 0.117336 0.084681
0 0.935777 0.686292 0.087102 0.083861
0 0.811484 0.671778 0.087703 0.080639
0 0.930031 0.608333 0.081656 0.089250
0 0.981195 0.583604 0.037609 0.087097
0 0.677512 0.577687 0.064117 0.075264
0 0.681746 0.715861 0.093148 0.136556
0 0.523277 0.687368 0.067742 0.113986
0 0.397773 0.652424 0.071969 0.121514
0 0.284668 0.773924 0.078023 0.149458
0 0.544824 0.588500 0.067555 0.104139
0 0.591484 0.535743 0.051547 0.061097
0 0.607496 0.472917 0.051539 0.056222
0 0.659430 0.468410 0.056234 0.054153
0 0.497574 0.484375 0.047242 0.058306
0 0.536039 0.434743 0.046078 0.040958
0 0.473562 0.423632 0.047641 0.057625
0 0.448570 0.465285 0.035141 0.040958
0 0.391168 0.442715 0.035930 0.045819
0 0.376719 0.419465 0.028891 0.042347
0 0.315609 0.417035 0.037094 0.030542
0 0.342164 0.466326 0.045687 0.044431
0 0.341969 0.496868 0.046859 0.054153
0 0.330238 0.545111 0.046102 0.061778
0 0.445836 0.574271 0.053891 0.071514
0 0.285734 0.632583 0.043734 0.072889
0 0.276758 0.591278 0.047641 0.056917
0 0.236535 0.522208 0.041398 0.052056
0 0.201844 0.477368 0.035516 0.051903
0 0.240195 0.466326 0.035078 0.041458
0 0.262855 0.453160 0.040742 0.045319
0 0.264379 0.410743 0.023320 0.026347
0 0.236590 0.401451 0.024430 0.030986
0 0.189645 0.395444 0.018523 0.022861
0 0.211105 0.435535 0.037914 0.032542
