0 0.262652 0.545431 0.044758 0.069889
0 0.825488 0.551125 0.074586 0.076194
0 0.560230 0.771236 0.088305 0.121500
0 0.504285 0.648118 0.073180 0.116125
0 0.615910 0.505535 0.054336 0.055792
0 0.199352 0.393854 0.026609 0.023736
0 0.281707 0.650271 0.061086 0.094625
0 0.322836 0.526076 0.050203 0.078486
0 0.970527 0.728889 0.058945 0.139472
0 0.836434 0.694681 0.091680 0.108111
0 0.459926 0.469743 0.039352 0.045875
0 0.485246 0.457694 0.035758 0.038500
0 0.383562 0.484972 0.044062 0.046194
0 0.315582 0.477444 0.045195 0.039167
0 0.244590 0.470750 0.041430 0.049889
0 0.389875 0.430569 0.031828 0.032472
0 0.348535 0.434257 0.030883 0.025097
0 0.322551 0.420528 0.030883 0.026444
0 0.273949 0.407139 0.026023 0.021083
0 0.303344 0.399778 0.032016 0.021083
0 0.429551 0.948042 0.136836 0.103917
0 0.631012 0.478340 0.050992 0.039125
0 0.621645 0.452382 0.053602 0.039125
0 0.557000 0.458868 0.037281 0.048208
0 0.766805 0.603861 0.069984 0.085972
