0 0.262383 0.891840 0.115250 0.216319
0 0.621836 0.678368 0.084625 0.104597
0 0.542855 0.578792 0.062055 0.088833
0 0.475156 0.632521 0.062062 0.078792
0 0.283551 0.628743 0.059461 0.112625
0 0.437465 0.579340 0.052477 0.064958
0 0.462535 0.521986 0.053633 0.076000
0 0.379164 0.512313 0.047812 0.062181
0 0.384023 0.482604 0.040422 0.037319
0 0.328832 0.538569 0.042758 0.064944
0 0.291516 0.501604 0.040422 0.047681
0 0.324309 0.446493 0.039555 0.044653
0 0.275012 0.463319 0.036930 0.033667
0 0.269949 0.434993 0.032805 0.028319
0 0.236680 0.440993 0.035234 0.024986
0 0.231152 0.467146 0.038055 0.033986
0 0.228246 0.408000 0.022867 0.021667
0 0.255520 0.404174 0.023430 0.023319
0 0.266105 0.416833 0.020992 0.018000
0 0.297879 0.406507 0.031305 0.022653
0 0.340242 0.417333 0.034672 0.029000
0 0.369578 0.440326 0.043859 0.030986
0 0.407906 0.448007 0.032797 0.026292
0 0.464418 0.452493 0.036742 0.035319
0 0.516059 0.431326 0.044805 0.040986
0 0.556172 0.449826 0.045172 0.038653
0 0.550828 0.474646 0.049484 0.050319
0 0.616242 0.501306 0.055109 0.050306
0 0.662156 0.465396 0.050141 0.042153
0 0.701023 0.537944 0.059469 0.060111
0 0.738145 0.515146 0.047414 0.058736
0 0.838871 0.612861 0.078695 0.083944
0 0.779734 0.652431 0.088141 0.107139
