0 0.454949 0.589361 0.057836 0.076306
0 0.455176 0.521090 0.051961 0.058625
0 0.345609 0.490167 0.047891 0.059444
0 0.267000 0.484139 0.049703 0.057028
0 0.260672 0.550410 0.043375 0.054625
0 0.274902 0.599000 0.050148 0.074694
0 0.771730 0.423458 0.058727 0.054000
0 0.846480 0.554250 0.071211 0.078000
0 0.780844 0.559354 0.081672 0.096597
0 0.715352 0.596847 0.066109 0.072000
0 0.584391 0.526646 0.050625 0.057597
0 0.578484 0.477750 0.055687 0.055806
0 0.611727 0.470556 0.043875 0.046194
0 0.482504 0.470861 0.041836 0.048806
0 0.480434 0.438132 0.038570 0.038347
0 0.406789 0.435799 0.034203 0.031375
0 0.374648 0.440292 0.038344 0.035583
0 0.299695 0.413917 0.030938 0.030222
0 0.248715 0.396299 0.026148 0.024403
0 0.211891 0.399590 0.027453 0.026347
0 0.179090 0.391056 0.032070 0.029250
0 0.432508 0.931590 0.139594 0.136819
0 0.813344 0.927424 0.163016 0.145153
0 0.528367 0.725507 0.073641 0.107625
0 0.385598 0.626313 0.060086 0.102014
