0 0.971969 0.718514 0.056062 0.124500
0 0.838891 0.624542 0.092625 0.084333
0 0.834824 0.552174 0.084492 0.081125
0 0.723219 0.550222 0.070906 0.078778
0 0.594012 0.533375 0.051055 0.054611
0 0.624062 0.506875 0.058734 0.056222
0 0.533469 0.679965 0.074547 0.116458
0 0.501129 0.552396 0.067164 0.075597
0 0.441563 0.580285 0.056703 0.071403
0 0.289695 0.593792 0.084375 0.163194
0 0.340824 0.540382 0.044211 0.058819
0 0.247508 0.517292 0.043875 0.073806
0 0.524246 0.441687 0.035773 0.042597
0 0.491008 0.459389 0.039484 0.042000
0 0.447637 0.457597 0.048602 0.049194
0 0.430930 0.420694 0.032062 0.035389
0 0.365121 0.436896 0.038133 0.042597
0 0.382336 0.426396 0.022609 0.034792
0 0.351457 0.471694 0.045898 0.063000
0 0.254090 0.455194 0.037461 0.036000
0 0.243797 0.431493 0.037797 0.036597
0 0.288332 0.405083 0.024320 0.028222
0 0.330023 0.416493 0.024641 0.029403
0 0.174137 0.389160 0.022977 0.021181
0 0.200336 0.399639 0.024313 0.030472
0 0.217359 0.399208 0.013859 0.017944
