0 0.596840 0.643257 0.070523 0.090764
0 0.345539 0.490736 0.043109 0.047500
0 0.296508 0.466757 0.044375 0.047958
0 0.231000 0.397847 0.016047 0.021389
0 0.632305 0.562535 0.054719 0.061042
0 0.662148 0.520368 0.053766 0.060236
0 0.278258 0.840590 0.089516 0.141931
0 0.562750 0.483819 0.047437 0.051417
0 0.569957 0.441646 0.045680 0.032931
0 0.506930 0.462938 0.048750 0.046597
0 0.425809 0.420368 0.044727 0.033736
0 0.432793 0.897181 0.102211 0.205639
0 0.381305 0.627194 0.051500 0.076306
0 0.309039 0.529604 0.045219 0.070681
0 0.241246 0.518764 0.044273 0.068278
0 0.333289 0.432028 0.033781 0.033167
0 0.341477 0.407618 0.027484 0.025597
0 0.252996 0.406924 0.034539 0.028681
0 0.189426 0.396674 0.028914 0.034542
0 0.864687 0.710243 0.098781 0.100764
0 0.830684 0.611632 0.079352 0.076292
