0 0.348281 0.429590 0.036406 0.033597
0 0.394277 0.692590 0.066227 0.097403
0 0.866270 0.722021 0.097523 0.102736
0 0.734426 0.626764 0.068633 0.074917
0 0.744055 0.559340 0.057797 0.059931
0 0.776566 0.537931 0.052977 0.059944
0 0.620629 0.551937 0.053070 0.056764
0 0.651832 0.524868 0.052695 0.056208
0 0.663629 0.493646 0.049680 0.047292
0 0.560871 0.513715 0.048430 0.056208
0 0.502488 0.554326 0.054023 0.059431
0 0.265574 0.539125 0.040352 0.064000
0 0.287789 0.505576 0.042969 0.048514
0 0.368496 0.512028 0.048195 0.065556
0 0.429758 0.504292 0.044125 0.067611
0 0.436727 0.441319 0.031359 0.037667
0 0.507711 0.445708 0.118750 0.131111
0 0.242711 0.466569 0.038641 0.049306
0 0.205117 0.482118 0.036266 0.053014
0 0.221219 0.419882 0.034578 0.042069
0 0.197066 0.436563 0.023523 0.026125
