0 0.898234 0.459639 0.090016 0.082333
0 0.917746 0.552604 0.074930 0.066597
0 0.912297 0.602556 0.089000 0.079556
0 0.748383 0.573875 0.072328 0.074000
0 0.738246 0.500340 0.054133 0.078625
0 0.735637 0.798201 0.121758 0.198875
0 0.545977 0.728826 0.077531 0.115625
0 0.298820 0.773222 0.077531 0.135972
0 0.384672 0.632618 0.087937 0.198875
0 0.509551 0.559542 0.059836 0.076778
0 0.432820 0.570236 0.033875 0.066472
0 0.432320 0.511132 0.050437 0.074042
0 0.372227 0.477000 0.042656 0.045056
0 0.400953 0.415667 0.041906 0.039250
0 0.331074 0.487042 0.039648 0.050861
0 0.329566 0.538785 0.044664 0.057097
0 0.300461 0.590535 0.046172 0.082986
0 0.249898 0.551285 0.041906 0.049069
0 0.292934 0.501986 0.040148 0.055750
0 0.323313 0.420132 0.041422 0.043319
0 0.289391 0.438799 0.038797 0.041319
0 0.262383 0.468472 0.035125 0.065556
0 0.262117 0.412035 0.035141 0.034125
0 0.212273 0.405049 0.020578 0.017681
0 0.198270 0.389000 0.023383 0.019917
