0 0.664285 0.963701 0.119805 0.072597
0 0.864105 0.929062 0.151820 0.141875
0 0.923074 0.647368 0.105242 0.129042
0 0.766422 0.638229 0.078625 0.091403
0 0.656945 0.694681 0.093141 0.124722
0 0.597371 0.824250 0.097383 0.132250
0 0.494848 0.630701 0.061695 0.106458
0 0.529328 0.579625 0.060484 0.064528
0 0.401703 0.671028 0.068953 0.107528
0 0.646793 0.564326 0.060070 0.060597
0 0.698934 0.508826 0.054336 0.045597
0 0.707367 0.490528 0.046234 0.039000
0 0.627555 0.507035 0.058719 0.050403
0 0.541832 0.506431 0.051977 0.046806
0 0.550574 0.462333 0.035836 0.039000
0 0.370148 0.587306 0.054000 0.061194
0 0.443555 0.505410 0.051641 0.067792
0 0.375215 0.519514 0.045227 0.055194
0 0.309742 0.521014 0.039828 0.058194
0 0.331340 0.479313 0.040492 0.040792
0 0.379266 0.475708 0.044547 0.043194
0 0.257598 0.480514 0.038133 0.040806
0 0.249840 0.448410 0.037461 0.036597
0 0.194996 0.439715 0.032398 0.052792
0 0.466387 0.451424 0.040648 0.036764
0 0.466527 0.421035 0.033898 0.028014
0 0.418547 0.436035 0.041219 0.047014
0 0.345969 0.423160 0.033609 0.032264
0 0.345188 0.403160 0.036297 0.028264
0 0.297855 0.418660 0.033055 0.028264
0 0.261422 0.416285 0.023203 0.021014
0 0.188852 0.396153 0.019828 0.023750
0 0.215793 0.406535 0.025039 0.023014
0 0.236254 0.400785 0.023773 0.028014
