0 0.670676 0.955299 0.119758 0.089403
0 0.774102 0.858979 0.118547 0.163431
0 0.252734 0.913819 0.101609 0.165583
0 0.284789 0.681556 0.060484 0.118278
0 0.266645 0.583708 0.047180 0.073111
0 0.409687 0.670271 0.065922 0.102153
0 0.456262 0.600375 0.052617 0.063444
0 0.523094 0.652528 0.072578 0.118278
0 0.494973 0.550375 0.057461 0.066667
0 0.419367 0.533708 0.056250 0.084944
0 0.339813 0.539090 0.054469 0.065597
0 0.235625 0.520715 0.038828 0.059597
0 0.265629 0.482396 0.042352 0.042125
0 0.229070 0.455278 0.039828 0.043472
0 0.219617 0.395896 0.032016 0.042125
0 0.242672 0.409118 0.033250 0.031819
0 0.264746 0.395000 0.025461 0.026889
0 0.308367 0.402618 0.030484 0.028681
0 0.313527 0.424361 0.030758 0.030028
0 0.373133 0.404639 0.031984 0.029139
0 0.363187 0.436903 0.035297 0.036306
0 0.443230 0.464028 0.038070 0.036750
0 0.486465 0.435118 0.040836 0.041681
0 0.458215 0.444528 0.028711 0.038083
0 0.577852 0.483965 0.050672 0.058708
0 0.594992 0.458424 0.038578 0.045264
0 0.702676 0.597514 0.067836 0.072000
0 0.716348 0.510215 0.057367 0.060597
0 0.848645 0.698903 0.093148 0.109194
0 0.877496 0.642208 0.088086 0.082194
