0 0.194082 0.398333 0.018852 0.021000
0 0.461738 0.946660 0.129289 0.106681
0 0.605082 0.884160 0.121789 0.188208
0 0.689875 0.740924 0.107719 0.144903
0 0.272965 0.832528 0.081508 0.161556
0 0.275773 0.706785 0.072141 0.099931
0 0.379297 0.614340 0.067453 0.104931
0 0.477668 0.616007 0.073070 0.108264
0 0.963156 0.712007 0.073687 0.137347
0 0.772926 0.650569 0.077258 0.096389
0 0.767055 0.571451 0.075453 0.077903
0 0.814719 0.518437 0.062344 0.061847
0 0.761406 0.398319 0.030719 0.043306
0 0.634676 0.562208 0.058289 0.065861
0 0.497777 0.479340 0.045977 0.039903
0 0.555840 0.467507 0.056648 0.062014
0 0.594082 0.467139 0.033773 0.050361
0 0.237512 0.533917 0.037664 0.052222
0 0.273668 0.485215 0.037664 0.049875
0 0.307559 0.468306 0.038414 0.046194
0 0.396270 0.447535 0.035430 0.030764
0 0.427941 0.435118 0.038680 0.044014
0 0.325816 0.425618 0.036711 0.035514
0 0.320824 0.406111 0.019977 0.019000
0 0.264770 0.409604 0.028555 0.030514
0 0.241277 0.409361 0.023211 0.024000
