0 0.258738 0.946028 0.097977 0.107944
0 0.470082 0.968424 0.116164 0.063153
0 0.627191 0.869042 0.119664 0.182889
0 0.300027 0.653806 0.054586 0.100778
0 0.424215 0.561688 0.051977 0.068403
0 0.373254 0.511896 0.043195 0.057597
0 0.331914 0.537090 0.041516 0.057597
0 0.258680 0.549090 0.042188 0.071986
0 0.273527 0.486694 0.040836 0.054000
0 0.321957 0.477687 0.045227 0.039597
0 0.340859 0.432396 0.034422 0.028208
0 0.387430 0.430028 0.034422 0.035333
0 0.359082 0.414090 0.025648 0.027597
0 0.299180 0.418757 0.028484 0.022403
0 0.282668 0.403972 0.026727 0.023306
0 0.247629 0.404410 0.029242 0.025097
0 0.213340 0.396347 0.031258 0.024194
0 0.189520 0.440271 0.042102 0.058264
0 0.774945 0.654660 0.088344 0.086431
0 0.959219 0.603076 0.081563 0.098514
0 0.822777 0.558007 0.069008 0.071569
0 0.803930 0.505035 0.065922 0.060403
0 0.708816 0.549646 0.058555 0.060403
0 0.681383 0.499062 0.054547 0.049264
0 0.649734 0.447722 0.128922 0.109417
0 0.565582 0.478840 0.052211 0.047181
0 0.571707 0.524472 0.053961 0.050306
0 0.506520 0.424653 0.105008 0.087111
